Sembol	Piyasa Değeri	Defter Değeri	Toplam Hisse Sayısı	Net Kar (Son 4Ç)	EPS
THYAO	395370000000.0	618586000000.0	1380000000.0	182326000000.0	132.0
GARAN	467880000000.0	302647610000.0	4200000000.0	96688221000.0	23.0
TUPRS	278614643470.8	241708614000.0	1926795598.0	62959660000.0	33.0
ISCTR	302499637000.0	290553575000.0	24999970000.0	54904045000.0	2.0
ISBTR	17400000000.0	290553575000.0	29000.0	54904045000.0	1893243.0
ISKUR	14748000000.0	290553575000.0	2458.0	54904045000.0	22336878.0
ISATR	5500000000.0	290553575000.0	1000.0	54904045000.0	54904045.0
FROTO	365999130000.0	101378034000.0	350910000.0	51069612000.0	146.0
AKBNK	274040000000.0	230945078000.0	5200000000.0	48157121000.0	9.0
KCHOL	444796517970.0	509735000000.0	2535898050.0	43360000000.0	17.0
TCELL	208780000000.0	174478880000.0	2200000000.0	43317138000.0	20.0
YKBNK	220974861589.44	190967149000.0	8447051284.0	41712046000.0	5.0
VAKBN	225884692283.42	201165939000.0	9915921522.54	37236892000.0	4.0
QNBTR	952237500000.0	107796292000.0	3350000000.0	35764544000.0	11.0
SASA	170090843873.06	108883761000.0	43280112944.8	33215218000.0	0.767
TTKOM	160650000000.0	135063972000.0	3500000000.0	25673092000.0	7.0
RGYAS	36575500000.0	89158980000.0	331000000.0	24450458000.0	74.0
ENKAI	321900000000.0	262136705000.0	6000000000.0	24303457000.0	4.0
PGSUS	121150000000.0	75387121101.0	500000000.0	23181643035.0	46.0
BIMAS	287509200000.0	100832855000.0	607200000.0	21532436000.0	35.0
CCOLA	130334501281.16	53518542000.0	2798078602.0	20185028000.0	7.0
AEFES	125585526282.3	85861706000.0	592105263.0	19718128000.0	33.0
PETKM	46455552000.0	61869169000.0	2534400000.0	19454392000.0	8.0
EREGL	177100000000.0	226028404000.0	3500000000.0	18687988000.0	5.0
SISE	122712355090.17	178510909000.0	3063214056.17	18472275000.0	6.0
ZOREN	21250000000.0	59749228000.0	5000000000.0	14347996000.0	3.0
ISDMR	106198000000.0	106591510000.0	2900000000.0	14322655000.0	5.0
AVPGY	19504000000.0	35873747087.0	400000000.0	13461362162.0	34.0
HALKB	111076668528.75	136080567000.0	7184778041.96	13415103000.0	2.0
AGHOL	78905183819.04	89512720000.0	243534517.96	13067988000.0	54.0
TOASO	95650000000.0	44116691000.0	500000000.0	12025818000.0	24.0
ASELS	301872000000.0	123968063000.0	4560000000.0	11762615000.0	3.0
RYSAS	31260000000.0	5333204018.0	2000000000.0	11118126383.0	6.0
TRGYO	50400000000.0	93642456000.0	1000000000.0	10702538000.0	11.0
TURSG	64700000000.0	24074918416.0	5000000000.0	10693426436.0	2.0
DOAS	45672000000.0	51160445000.0	220000000.0	10428070000.0	47.0
RYGYO	26120000000.0	42817272511.0	2000000000.0	10052999329.0	5.0
TTRAK	73349019375.0	18516588740.0	100066875.0	9693483034.0	97.0
YGGYO	13849920000.0	18015733414.0	241920000.0	9346061645.0	39.0
TSKB	35084000000.0	29216685000.0	2800000000.0	9048716000.0	3.0
TAVHL	88313671875.0	60735389000.0	363281250.0	8786529000.0	24.0
ANSGR	41375000000.0	27675396621.0	500000000.0	8365507689.0	17.0
OYAKC	80715951788.5	41523360573.0	1246578406.0	8232333627.0	7.0
VKGYO	6796500000.0	17610595324.0	3450000000.0	7866626355.0	2.0
ENERY	39258750000.0	23679655397.0	145000000.0	7406061637.0	51.0
ASTOR	91566500000.0	18329603926.0	998000000.0	7352147578.0	7.0
SAHOL	176851656604.96	274743101000.0	2100375969.18	7084960000.0	3.0
MPARK	68764392720.0	20506530000.0	191012202.0	6955732000.0	36.0
AYGAZ	35541784023.9	49282359000.0	219800767.0	6753013000.0	31.0
BASGZ	18984000000.0	18984744656.0	700000000.0	6617363785.0	9.0
AKENR	8968717200.0	19702289193.0	729164000.0	6598869856.0	9.0
ASGYO	7097430000.0	18705525647.0	659000000.0	6573128324.0	10.0
MGROS	81655459083.0	54090532000.0	181054233.0	6361169000.0	35.0
ULKER	41506606102.0	27015414000.0	369275855.0	6004088000.0	16.0
AKFYE	17678955877.8	30325228000.0	1016031947.0	5805054000.0	6.0
KLNMA	80850000000.0	18267772000.0	5500000000.0	5487813000.0	0.998
ARASE	13887500000.0	13252630308.0	250000000.0	5371222599.0	21.0
SRVGY	14001000000.0	18011310349.0	52000000.0	5326206655.0	102.0
AKSEN	41523812670.96	38491801284.0	1226338236.0	5193678095.0	4.0
BERA	9885904000.0	20841248186.0	683200000.0	4950804392.0	7.0
ALARK	40150500000.0	55256838399.0	435000000.0	4947330582.0	11.0
ISMEN	53940000000.0	23412274000.0	1500000000.0	4907155000.0	3.0
AHGAZ	50362000000.0	23106077374.0	2600000000.0	4730500170.0	2.0
CIMSA	34835575902.96	24895929000.0	945591094.0	4605060000.0	5.0
NTHOL	26389393851.6	47262519000.0	563875937.0	4515679000.0	8.0
DEVA	13601311569.04	19785044612.0	200019287.78	4367787682.0	22.0
AKSGY	15069600000.0	29110710368.0	2415000000.0	4324399764.0	2.0
ZRGYO	53788885200.0	49521447944.0	4693620000.0	4271906122.0	0.91
ECILC	28822035600.0	47390054000.0	685260000.0	3857204000.0	6.0
PAGYO	5507100000.0	10285242813.0	87000000.0	3826527095.0	44.0
BANVT	38784142757.25	9146340750.0	100023579.0	3725941740.0	37.0
KLRHO	46312500000.0	19346633000.0	1625000000.0	3711082000.0	2.0
EKGYO	41914000000.0	81126855000.0	3800000000.0	3698059000.0	0.973
BRISA	28619962875.0	17498211104.0	305116875.0	3695125621.0	12.0
ALBRK	14600000000.0	16058718000.0	2500000000.0	3632152000.0	1.0
ANHYT	36550000000.0	8301717891.0	430000000.0	3603333262.0	8.0
ENTRA	15498000000.0	27417720000.0	1845000000.0	3590315000.0	2.0
AKSA	33954900000.0	22088904000.0	3885000000.0	3369502000.0	0.867
BUCIM	10695000000.0	12331336397.0	1500000000.0	3349611877.0	2.0
BTCIM	24858000000.0	14233402000.0	180000000.0	3339596000.0	19.0
DOHOL	35695826681.24	60911633000.0	2616996091.0	3311734000.0	1.0
GLYHO	10881000000.0	7174345741.0	650000000.0	3231393011.0	5.0
PSGYO	6672000000.0	20327529739.0	4800000000.0	2984340068.0	0.622
YGYO	2166275111.36	13595239207.0	263216902.96	2982688457.0	11.0
ISGYO	16969875000.0	39155560214.0	958750000.0	2944663589.0	3.0
CLEBI	51783300000.0	6307468062.0	24300000.0	2920652243.0	120.0
DGGYO	13247110661.4	10131364655.0	332007786.0	2849152450.0	9.0
TBORG	43183855076.7	15804873000.0	322508253.0	2814341000.0	9.0
GSRAY	7290000000.0	524256510.0	1080000000.0	2775788188.0	3.0
KZBGY	9360000000.0	15646873308.0	300000000.0	2668714438.0	9.0
ADESE	1905120000.0	9611800000.0	1008000000.0	2611132000.0	3.0
IHLAS	2490000000.0	4716009998.0	1500000000.0	2561759254.0	2.0
MAVI	31323635600.0	8062822000.0	397256000.0	2510228000.0	6.0
OZKGY	15579200000.0	48193868723.0	1456000000.0	2509218125.0	2.0
SKBNK	10550000000.0	9928803000.0	2500000000.0	2472215000.0	0.989
DAPGM	13859500000.0	9839869250.0	2650000000.0	2468372142.0	0.931
KRDMD	20629175483.34	48321043567.0	780226001.64	2388461571.0	3.0
KRDMA	5118467662.72	48321043567.0	240303646.14	2388461571.0	10.0
KRDMB	2291441355.66	48321043567.0	119470352.22	2388461571.0	20.0
OBAMS	18160496230.92	8971977577.0	479421759.0	2326152166.0	5.0
INVES	59156250000.0	21358895436.0	187500000.0	2312209324.0	12.0
SNGYO	12750000000.0	35122957848.0	1500000000.0	2287981876.0	2.0
NUHCM	41947147800.0	18002803829.0	150213600.0	2266165748.0	15.0
AGESA	19494000000.0	4609923017.0	180000000.0	2264347329.0	13.0
GOLTS	7398000000.0	7560970417.0	18000000.0	2222055455.0	123.0
TNZTP	7449600000.0	5140424990.0	128000000.0	2161258755.0	17.0
VAKKO	12448000000.0	7170997099.0	160000000.0	2009051741.0	13.0
OYYAT	11400000000.0	6598259330.0	300000000.0	1965422005.0	7.0
AKCNS	32009949811.4	18312892000.0	191447068.25	1941980000.0	10.0
HRKET	8184960000.0	6494902710.0	115200000.0	1889162078.0	16.0
GRSEL	15085800000.0	5383225215.0	102000000.0	1777429647.0	17.0
BSOKE	19440000000.0	6630577000.0	400000000.0	1777081000.0	4.0
TABGD	36424104800.0	14630245084.0	261292000.0	1757776941.0	7.0
ISFIN	7690047253.7	8621424000.0	695302645.0	1736816000.0	2.0
ALGYO	5456934000.0	14800071205.0	289800000.0	1716899453.0	6.0
EDIP	1418300000.0	3952793763.0	65000000.0	1709442992.0	26.0
RAYSG	63923383552.0	3593096403.0	163069856.0	1707074258.0	10.0
BRYAT	55603125000.0	26421169720.0	28125000.0	1698534558.0	60.0
VAKFN	6405000000.0	5242785000.0	3500000000.0	1698455000.0	0.485
MRGYO	1647756000.0	9199733979.0	376200000.0	1671255743.0	4.0
AHSGY	3757650000.0	5381678607.0	195000000.0	1662722950.0	9.0
PEKGY	2820000074.83	3359182764.0	669833746.99	1662305184.0	2.0
AKGRT	9381840000.0	4524936177.0	1612000000.0	1631191591.0	1.0
KTLEV	11106000000.0	3384288885.0	180000000.0	1628617081.0	9.0
VESBE	27296000000.0	28499060000.0	1600000000.0	1590225000.0	0.994
YYAPI	1405841826.69	2610708991.0	321702935.17	1527763569.0	5.0
ISGSY	2783044454.4	3708152759.0	74652480.0	1467531191.0	20.0
KERVT	9181940000.0	9940535245.0	662000000.0	1460015139.0	2.0
AYEN	8136300000.0	12403515523.0	277500000.0	1418984956.0	5.0
AFYON	6448000000.0	5404105784.0	400000000.0	1410217649.0	4.0
TRCAS	5623200000.0	9937248655.0	255600000.0	1397889146.0	5.0
MAGEN	23576400000.0	12646612170.0	1180000000.0	1385760957.0	1.0
ESCAR	18353400000.0	5819655408.0	54300000.0	1385468662.0	26.0
RALYH	16836750000.0	2542122674.0	63000000.0	1355275037.0	22.0
ARSAN	4473354294.2	6378738047.0	204449465.0	1339186238.0	7.0
ECZYT	20107500000.0	22137897074.0	105000000.0	1332943978.0	13.0
SELEC	41451750000.0	20817007361.0	621000000.0	1331844072.0	2.0
GARFA	7639950000.0	2814112000.0	397500000.0	1330104000.0	3.0
TUKAS	9614184300.0	10525172379.0	1472310000.0	1324449435.0	0.9
BRSAN	67295812500.0	29875122000.0	141750000.0	1321383000.0	9.0
SARKY	12144000000.0	8592423896.0	600000000.0	1265879142.0	2.0
TKFEN	28397500000.0	28992979000.0	370000000.0	1261404000.0	3.0
LMKDC	13038699222.0	3219406434.0	516179700.0	1237532637.0	2.0
GLCVY	6697218000.0	2376284000.0	139700000.0	1208141000.0	9.0
BOBET	7550600000.0	5821920442.0	380000000.0	1195580576.0	3.0
MIATK	22170720000.0	3240427437.0	494000000.0	1164908102.0	2.0
LILAK	14986000000.0	11096887000.0	590000000.0	1156261000.0	2.0
KAYSE	13399880000.0	28291046432.0	706000000.0	1148266615.0	2.0
MNDRS	3236004366.82	10583326788.0	277292576.42	1138785528.0	4.0
GESAN	20994400000.0	9212767000.0	460000000.0	1136900000.0	2.0
LRSHO	1589760000.0	4499012000.0	768000000.0	1132969000.0	1.0
NUGYO	2615714400.0	4255683377.0	335348000.0	1107805070.0	3.0
MSGYO	1879072472.76	4126738908.0	134219462.34	1088175260.0	8.0
KOTON	15066444000.0	7194598116.0	829650000.0	1078289473.0	1.0
EUREN	9051600000.0	5876806542.0	760000000.0	1074228610.0	1.0
ESEN	5215600000.0	9647763058.0	260000000.0	1002566694.0	4.0
GWIND	13208400000.0	9660390127.0	540000000.0	993179271.0	2.0
KLKIM	16210400000.0	3775940642.0	460000000.0	982624870.0	2.0
ORMA	5714720000.0	5047099889.0	27200000.0	943386750.0	35.0
NATEN	8901750000.0	6677542178.0	165000000.0	941904902.0	6.0
TATEN	9755790000.0	3629485541.0	280500000.0	934287483.0	3.0
YEOTK	20860800000.0	2286124180.0	96000000.0	932640114.0	10.0
CMENT	34844985280.0	10923918000.0	87112463.2	926560000.0	11.0
GRTHO	14975000000.0	4133150183.0	125000000.0	923518306.0	7.0
QNBFL	94850000000.0	3174195000.0	1000000000.0	919916000.0	0.92
AGYO	2235756600.0	4901719226.0	263340000.0	898951900.0	3.0
ARCLK	92777482546.5	75281422000.0	675728205.0	891492000.0	1.0
EGEEN	35185500000.0	5717088094.0	3150000.0	890027089.0	283.0
ULUFA	1839630000.0	1459276000.0	133500000.0	881498000.0	7.0
BIOEN	8580000000.0	3900843909.0	500000000.0	833693805.0	2.0
SUNTK	12273156000.0	4807190392.0	474600000.0	832489194.0	2.0
SMRTG	23508144000.0	3228507135.0	605880000.0	823089044.0	1.0
INDES	4980000000.0	4343825948.0	750000000.0	786846724.0	1.0
HOROZ	5497151103.0	2876661685.0	90488084.0	779691587.0	9.0
BORSK	5313600000.0	4708589219.0	240000000.0	772167669.0	3.0
BASCM	7920000000.0	4982832724.0	660000000.0	771400139.0	1.0
EGGUB	5830000000.0	5721989252.0	100000000.0	769081571.0	8.0
KGYO	2810871380.35	1792032837.0	61426385.06	746434280.0	12.0
YIGIT	10024680000.0	4494452841.0	300500000.0	746421722.0	2.0
POLHO	7865645000.0	14715517083.0	758500000.0	745800929.0	0.983
BOSSA	7982000000.0	7211504215.0	1300000000.0	738852094.0	0.568
AKMGY	7806808000.0	7738061211.0	37264000.0	722911240.0	19.0
GENIL	27345000000.0	6400278929.0	300000000.0	721558603.0	2.0
ISBIR	3530187360.0	4685276992.0	32387040.0	704660074.0	22.0
PETUN	3233657700.0	6185524533.0	303345000.0	695246049.0	2.0
VERUS	19075000000.0	3526819644.0	70000000.0	687986693.0	10.0
TMSN	13282500000.0	6308839362.0	115000000.0	675468231.0	6.0
ORGE	6132000000.0	2157182454.0	80000000.0	661567109.0	8.0
HATSN	9427040000.0	3243332056.0	221500000.0	657801398.0	3.0
DESA	5203800000.0	2499610238.0	245000000.0	657403367.0	3.0
PLTUR	5996375000.0	5637743802.0	244750000.0	656882387.0	3.0
EUPWR	22558800000.0	7042877000.0	660000000.0	656170000.0	0.994
SNICA	3222000000.0	3509714890.0	600000000.0	649779547.0	1.0
CVKMD	12484500000.0	5597422962.0	42000000.0	643466302.0	15.0
KONKA	5062200000.0	6418347635.0	130000000.0	632416848.0	5.0
DYOBY	6228000000.0	4975942553.0	300000000.0	626751490.0	2.0
EGPRO	12746376947.27	5642376356.0	80980793.82	625056673.0	8.0
KIMMR	2272800000.0	2682073169.0	240000000.0	618858750.0	3.0
LIDFA	1647162000.0	1649818000.0	558360000.0	617015000.0	1.0
BIENY	11133240000.0	11314863064.0	361000000.0	614405624.0	2.0
KCAER	24645723600.0	9657813085.0	657570000.0	603313923.0	0.917
GOKNR	8470000000.0	6571779546.0	350000000.0	602379968.0	2.0
SANKO	3633000000.0	1967299971.0	150000000.0	599063815.0	4.0
ALTNY	21823529444.5	3045642067.0	235294118.0	593366457.0	3.0
PEHOL	1666526400.0	1968593833.0	997920000.0	589560651.0	0.591
SURGY	11507250000.0	6642238262.0	167500000.0	530560971.0	3.0
ASUZU	16291800000.0	10993432891.0	252000000.0	526992838.0	2.0
TUREX	10303200000.0	5123548000.0	108000000.0	524703000.0	5.0
KBORU	8680000000.0	2677658764.0	100000000.0	517393741.0	5.0
GLRYH	1382400000.0	3227795955.0	120000000.0	508783533.0	4.0
MEGMT	8326300000.0	3635124071.0	265000000.0	507491821.0	2.0
HLGYO	8537600000.0	30290874288.0	3680000000.0	492981303.0	0.134
KUYAS	6720000000.0	1786337282.0	100000000.0	490602360.0	5.0
OSTIM	1164885911.0	1633230613.0	157417015.0	489572273.0	3.0
MHRGY	3738040000.0	6227727450.0	827000000.0	488521944.0	0.591
TUCLK	1872000000.0	2196539535.0	180000000.0	483912498.0	3.0
BEGYO	3088850000.0	3256745647.0	815000000.0	481631220.0	0.591
KONTR	31746000000.0	4773803208.0	650000000.0	480110944.0	0.739
BJKAS	5160000000.0	-3035550359.0	1200000000.0	476004519.0	0.397
LKMNH	3693600000.0	1619046442.0	216000000.0	459661779.0	2.0
ALFAS	19743200000.0	3517328760.0	368000000.0	455416365.0	1.0
JANTS	18690000000.0	4683005090.0	700000000.0	450208013.0	0.643
PASEU	16584960000.0	1656929511.0	672000000.0	446040191.0	0.664
SELVA	795600000.0	1614488000.0	78000000.0	435791000.0	6.0
MOBTL	4192250000.0	6056380893.0	1025000000.0	433854807.0	0.423
ESCOM	2832052465.0	1810691483.0	49992100.0	424631328.0	8.0
OSMEN	3256000000.0	2008376041.0	400000000.0	410749838.0	1.0
OTKAR	51930000000.0	8295355000.0	120000000.0	408526000.0	3.0
SDTTR	13833000000.0	1777661385.0	58000000.0	398647804.0	7.0
EFORC	13496340000.0	3585771144.0	363000000.0	386521692.0	1.0
GMTAS	1402480000.0	2412658346.0	149200000.0	386145869.0	3.0
PRKME	2551584545.02	3565927810.0	148867243.0	376569197.0	3.0
LIDER	19123500000.0	5048709019.0	165000000.0	367593279.0	2.0
PKENT	6051594240.0	1071801131.0	24883200.0	364587759.0	15.0
IMASM	2599250000.0	1440309000.0	925000000.0	353563000.0	0.382
MERIT	5769885000.0	9478384991.0	28050000.0	349629449.0	12.0
ADEL	12115372500.0	1549076000.0	259875000.0	345386000.0	1.0
PENTA	5824036800.0	3189773161.0	393516000.0	344532749.0	0.876
GEDIK	7230000000.0	2906310525.0	1000000000.0	338542323.0	0.339
AGROT	14532000000.0	6367612168.0	1200000000.0	337674636.0	0.281
USAK	2690100000.0	2996065135.0	245000000.0	336474346.0	1.0
LOGO	11600000000.0	2575437000.0	100000000.0	334368000.0	3.0
ISKPL	3668585151.95	1714876971.0	212918465.0	332622233.0	2.0
PCILT	2397771000.0	1166694912.0	118350000.0	329095343.0	3.0
ATATP	9365625000.0	1444650845.0	93750000.0	327766711.0	3.0
INFO	1915200000.0	1766103328.0	228000000.0	326392451.0	1.0
TCKRC	4032400000.0	3018051557.0	170000000.0	321152941.0	2.0
ZEDUR	1415475000.0	1671082664.0	174750000.0	320267835.0	2.0
KOPOL	6830656000.0	3636998645.0	216160000.0	319126039.0	1.0
ADGYO	9216306000.0	6415978434.0	293700000.0	312669408.0	1.0
BNTAS	1249284375.0	972347300.0	120937500.0	310242388.0	3.0
KENT	167750000000.0	5791232329.0	220000000.0	298255690.0	1.0
BVSAN	3474240000.0	1386566837.0	37600000.0	295670162.0	8.0
TRILC	3218301450.0	1741869447.0	161805000.0	293487041.0	2.0
KUTPO	2883988800.0	2920957191.0	39916800.0	293099059.0	7.0
FONET	2604960000.0	1003139346.0	144000000.0	286402798.0	2.0
ALKIM	4935000000.0	3138513158.0	150000000.0	277600775.0	2.0
TURGG	3403692621.08	1426749817.0	7120695.86	275774654.0	39.0
CATES	6039712000.0	11152725492.0	165200000.0	273813842.0	2.0
DENGE	906000000.0	1469809774.0	300000000.0	265785728.0	0.886
ARDYZ	5742600000.0	2405970692.0	170000000.0	264202909.0	2.0
BRKVY	2708160000.0	918619000.0	56000000.0	260374000.0	5.0
KTSKR	2709400000.0	3697082471.0	46000000.0	258282417.0	6.0
KRVGD	4838400000.0	5013991000.0	2160000000.0	257177000.0	0.119
PINSU	1847872814.74	1582461038.0	284288125.34	255994512.0	0.9
IEYHO	4375945652.5	2511738303.0	543595733.23	255856893.0	0.471
KLGYO	5384700000.0	16774723000.0	1395000000.0	251733000.0	0.18
TSGYO	6526000000.0	4717639666.0	650000000.0	250208404.0	0.385
SUWEN	5971840000.0	1233674891.0	224000000.0	249325256.0	1.0
ODINE	11116300000.0	1452935305.0	110500000.0	248094698.0	2.0
ATAKP	6780204480.0	4127919208.0	138768000.0	246717812.0	2.0
BARMA	4457250000.0	2604224880.0	262500000.0	243259852.0	0.927
KRGYO	2673000000.0	1114355606.0	66000000.0	240345475.0	4.0
NTGAZ	3332700000.0	2967365528.0	690000000.0	240138209.0	0.348
ELITE	4701888000.0	1338766031.0	129600000.0	239654896.0	2.0
HTTBT	10391250000.0	1939155050.0	127500000.0	237649970.0	2.0
IZENR	11546000000.0	12578469348.0	575000000.0	235717450.0	0.41
MACKO	2121250000.0	331814172.0	25000000.0	232038273.0	9.0
FADE	1276881900.0	1424743605.0	83895000.0	228198851.0	3.0
KONYA	32505844800.0	3103224035.0	4873440.0	226324465.0	46.0
GENTS	2310000000.0	2412560638.0	300000000.0	224673734.0	0.749
ENSRI	2262416000.0	933765160.0	116800000.0	219399453.0	2.0
FLAP	877500000.0	716315682.0	93750000.0	219321285.0	2.0
BLCYT	1849000000.0	2701632923.0	100000000.0	218518713.0	2.0
MAKIM	2820160000.0	853270732.0	112000000.0	217443330.0	2.0
DMSAS	1642000000.0	1129357412.0	200000000.0	214347925.0	1.0
YYLGD	10532836200.0	8193585426.0	1086980000.0	213861615.0	0.197
GZNMI	3182400000.0	1107582329.0	65000000.0	211963973.0	3.0
SILVR	911700000.0	1349784098.0	45000000.0	211108477.0	5.0
CONSE	2004600000.0	1657441152.0	771000000.0	204786438.0	0.266
CASA	377300000.0	227721498.0	4900000.0	201960587.0	41.0
YUNSA	2913600000.0	3177971793.0	480000000.0	201290004.0	0.419
YATAS	3762949184.4	6484906464.0	149798932.5	200327150.0	1.0
BIGCH	3053780000.0	1109627660.0	107000000.0	197406011.0	2.0
ROYAL	408000000.0	630712241.0	60000000.0	197265438.0	3.0
GLBMD	1250800000.0	484588422.0	118000000.0	195084130.0	2.0
KARYE	1654400000.0	2419646156.0	55000000.0	190575458.0	3.0
ALKA	4744425000.0	1655891916.0	183750000.0	184371288.0	1.0
KSTUR	13794906547.5	479167875.0	4244586.63	183653443.0	43.0
CWENE	22646250000.0	8255462089.0	123750000.0	183210280.0	1.0
AZTEK	4792000000.0	1719386032.0	100000000.0	177555107.0	2.0
MTRKS	1708500000.0	478168713.0	40200000.0	166375793.0	4.0
BAHKM	2288000000.0	1091428653.0	55000000.0	166102760.0	3.0
PNLSN	2943000000.0	1723437152.0	75000000.0	165406620.0	2.0
DURKN	1722500000.0	1596283399.0	132500000.0	164107608.0	1.0
MEGAP	673750000.0	1901709492.0	275000000.0	163692408.0	0.595
YBTAS	10865000000.0	1094359570.0	100000.0	162875367.0	1629.0
VBTYZ	3144960000.0	733406628.0	117000000.0	160921847.0	1.0
SEKFK	762000000.0	608219000.0	100000000.0	160916000.0	2.0
TLMAN	2087400000.0	1052910805.0	21000000.0	158502307.0	8.0
EKOS	7061600000.0	2589845178.0	280000000.0	156922533.0	0.56
KFEIN	1928587500.0	802043488.0	19750000.0	154840813.0	8.0
SAFKR	1889400000.0	705791850.0	35250000.0	151678633.0	4.0
CEMTS	4350000000.0	4895769621.0	500000000.0	150606077.0	0.301
DARDL	2965662371.98	4756376424.0	586099283.0	147787320.0	0.252
OZYSR	2749248000.0	2357106752.0	103200000.0	145756892.0	1.0
FRIGO	1260668210.75	1041424396.0	147102475.0	145056290.0	0.986
MERCN	2735630494.02	1599637254.0	190370946.0	140889733.0	0.74
MEDTR	6080900000.0	2074225437.0	119000000.0	137851071.0	1.0
DERHL	2264789588.04	1262371223.0	197281323.0	136705553.0	0.693
MARBL	2768346000.0	1796736994.0	228600000.0	135331997.0	0.592
AVHOL	1337275000.0	573709966.0	37250000.0	131760067.0	4.0
GIPTA	3846480000.0	2341285157.0	132000000.0	131542646.0	0.997
INTEK	4024000000.0	216212107.0	8000000.0	129201789.0	16.0
TEKTU	1341000000.0	4774260450.0	300000000.0	128670530.0	0.429
OYLUM	742050000.0	696264245.0	85000000.0	128403688.0	2.0
KOZAA	24720696000.0	15673985000.0	388080000.0	127528000.0	0.329
BEYAZ	2486206250.0	823149690.0	99687500.0	127014659.0	1.0
DOKTA	7387200000.0	4833739416.0	324000000.0	126516599.0	0.39
PARSN	6296194800.0	8545516079.0	77112000.0	125730844.0	2.0
CRDFA	593000000.0	491915389.0	100000000.0	124531685.0	1.0
KNFRT	2563440000.0	1427966312.0	264000000.0	122176505.0	0.463
KLSYN	2346923799.04	1856854348.0	431419816.0	118936666.0	0.276
DMRGD	2019770000.0	1500537692.0	185300000.0	118818295.0	0.641
AKSUE	790680000.0	576277109.0	66000000.0	118132749.0	2.0
LYDYE	17350564314.0	369046610.0	1891069.68	114633333.0	61.0
BURCE	1724392800.0	851002512.0	8424000.0	113154452.0	13.0
MEKAG	2623750000.0	1007777864.0	62500000.0	112702170.0	2.0
ERCB	6941015429.25	3478360707.0	77770481.0	111207966.0	1.0
LUKSK	2485000000.0	957216522.0	28000000.0	108434669.0	4.0
BFREN	23100058982.0	184432026.0	30636683.0	105683461.0	3.0
NIBAS	1028160000.0	597402654.0	54000000.0	102116272.0	2.0
UFUK	23563981143.0	1634451796.0	46846881.0	100426522.0	2.0
CEMZY	3959700000.0	3374594187.0	402000000.0	97250272.0	0.242
SEGYO	3408796635.77	6250043178.0	813555283.0	95689183.0	0.118
ALVES	5104000000.0	1880520353.0	160000000.0	94874729.0	0.593
FMIZP	4482912060.0	431718096.0	14276790.0	92302791.0	6.0
SANFM	4953000000.0	402290778.0	150000000.0	90267879.0	0.602
YAYLA	675806250.0	653543981.0	49875000.0	87744765.0	2.0
BINBN	11412800000.0	715078057.0	112000000.0	85047498.0	0.759
SKYMD	1519000000.0	905579150.0	155000000.0	83951463.0	0.542
UNLU	2348500000.0	2106716344.0	175000000.0	82313431.0	0.47
MAKTK	1166000000.0	1018571579.0	200000000.0	80422207.0	0.402
EKIZ	545462612.5	270211165.0	9284470.0	79150133.0	9.0
ANELE	3516550000.0	2486126422.0	265000000.0	78991052.0	0.298
KRSTL	1153920000.0	1074423843.0	192000000.0	78574305.0	0.409
ARTMS	3242400000.0	1420890474.0	70000000.0	77816701.0	1.0
DERIM	1689120000.0	354806435.0	54000000.0	77205142.0	1.0
KUVVA	1297555905.98	575589335.0	31042007.32	77014757.0	2.0
CMBTN	4150650000.0	486815697.0	1770000.0	76896992.0	43.0
GEDZA	902793600.0	765475926.0	46656000.0	75891968.0	2.0
IPEKE	9715979996.36	8051429000.0	259785561.4	75632000.0	0.291
DIRIT	204586500.0	330108452.0	10650000.0	74135181.0	7.0
AVGYO	1133856000.0	1509931949.0	111600000.0	70533549.0	0.632
BRKSN	793728000.0	516513218.0	31200000.0	69189552.0	2.0
SAYAS	3446895000.0	821774388.0	77250000.0	65282549.0	0.845
AVTUR	490050000.0	801956052.0	45000000.0	64337146.0	1.0
MARKA	1397934000.0	176859365.0	20990000.0	63364500.0	3.0
EMKEL	2188500000.0	804363825.0	150000000.0	63304073.0	0.422
PKART	1434387500.0	327833983.0	22750000.0	62464810.0	3.0
PRZMA	894240000.0	308782875.0	24000000.0	61864782.0	3.0
YAPRK	5825550000.0	473029984.0	14200000.0	56027647.0	4.0
TGSAS	887250000.0	286682156.0	15000000.0	54723622.0	4.0
ONRYT	4771938500.0	1908256111.0	62830000.0	54524974.0	0.868
RUBNS	1886340000.0	2921504359.0	74500000.0	53175134.0	0.714
EBEBK	7580800000.0	3605913607.0	160000000.0	51557921.0	0.322
OZSUB	1644000000.0	627481390.0	60000000.0	51342017.0	0.856
SELGD	1051600000.0	130527249.0	22000000.0	45773607.0	2.0
PAMEL	2806353622.75	943601239.0	31095331.0	45340082.0	1.0
AKYHO	650257800.0	865485488.0	248190000.0	40920312.0	0.165
SEGMN	3284650000.0	2889839017.0	179000000.0	40803796.0	0.228
TMPOL	966735000.0	628791380.0	14175000.0	39550757.0	3.0
KRONT	1838925955.44	374872246.0	85611078.0	38814454.0	0.453
ALCTL	4818246114.0	2596133687.0	38700772.0	38662619.0	0.999
SMART	971806250.0	349375090.0	31862500.0	38016975.0	1.0
MERKO	1662505061.28	702536254.0	101125612.0	37898175.0	0.375
MEPET	689452500.0	1712363619.0	75350000.0	37873644.0	0.503
ATAGY	555750000.0	576058572.0	47500000.0	36863928.0	0.776
OZATD	5147902500.0	3227381548.0	71350000.0	35709780.0	0.5
A1CAP	3218400000.0	3456320645.0	135000000.0	35382641.0	0.262
INGRM	10596000000.0	1649934292.0	24000000.0	33294691.0	1.0
DCTTR	3065400000.0	694537945.0	130000000.0	32597985.0	0.251
LINK	5577000000.0	196727205.0	11000000.0	31964435.0	3.0
BURVA	940502016.0	91856212.0	7347672.0	31943023.0	4.0
OZRDN	583590000.0	309442704.0	73500000.0	30735243.0	0.418
SNPAM	7858500000.0	1539565731.0	130000000.0	29688675.0	0.228
OTTO	3359602840.0	430724565.0	7635461.0	27428265.0	4.0
RNPOL	750600000.0	798344149.0	30000000.0	27290638.0	0.91
SONME	5568500000.0	1116626159.0	74000000.0	27179330.0	0.367
HUNER	3170000000.0	3958391740.0	1000000000.0	25311060.0	0.025
CEOEM	2492600000.0	293939859.0	44000000.0	22772146.0	0.518
AYES	1410000000.0	1311187595.0	150000000.0	22604306.0	0.151
PSDTC	584347500.0	123066482.0	7425000.0	21946508.0	3.0
COSMO	744941401.8	60621750.0	6494694.0	20888847.0	3.0
DAGI	1706886000.0	1357039452.0	129900000.0	19422433.0	0.15
EMNIS	1630600000.0	171687021.0	6200000.0	17094877.0	3.0
ULAS	710193256.5	276886385.0	25382175.0	15860054.0	0.625
SAMAT	663558000.0	373394020.0	36600000.0	15550979.0	0.425
SKTAS	1012320000.0	2068904808.0	222000000.0	14143044.0	0.064
METUR	1632960000.0	328113638.0	108000000.0	13040744.0	0.121
ULUUN	4762500000.0	8897048453.0	750000000.0	12100774.0	0.016
ATEKS	4026960000.0	3028570644.0	25200000.0	12058576.0	0.479
EDATA	1823850000.0	677296250.0	135000000.0	10946467.0	0.081
DNISI	2993203125.0	1031439082.0	119728125.0	10847881.0	0.091
IZINV	802070484.8	319062568.0	17512456.0	10523540.0	0.601
DGNMO	3251500000.0	2895671689.0	350000000.0	8715127.0	0.025
ERSU	642600000.0	371476016.0	36000000.0	8406500.0	0.234
OFSYM	5440500000.0	2225136465.0	146250000.0	6588052.0	0.045
TARKM	9040500000.0	1938388724.0	21000000.0	937357.0	0.045
UMPAS	390600000.0	813453855.0	42000000.0	-1015001.0	-0.024
MANAS	1277876160.0	602835880.0	82764000.0	-1681647.0	-0.02
IZFAS	3664828125.0	164635984.0	59062500.0	-2606549.0	-0.044
MMCAS	257401764.7	2192185.0	13336879.0	-3646520.0	-0.273
GUNDG	1854060000.0	642908217.0	39000000.0	-5113429.0	-0.131
ACSEL	1177242660.0	461327977.0	10721700.0	-6321141.0	-0.59
OBASE	1400490000.0	509254987.0	45500000.0	-7517134.0	-0.165
DURDO	2246000000.0	1309563886.0	100000000.0	-7682562.0	-0.077
ATSYH	334400000.0	79213279.0	8000000.0	-9411961.0	-1.0
INTEM	4276800000.0	692359751.0	19440000.0	-9473238.0	-0.487
YESIL	896550000.0	1020284213.0	645000000.0	-9687531.0	-0.015
EUYO	202200000.0	71898450.0	20000000.0	-10347177.0	-0.517
EUKYO	228600000.0	73653959.0	20000000.0	-10875449.0	-0.544
GRNYO	354375000.0	80616143.0	37500000.0	-11724638.0	-0.313
ETILR	1429600000.0	223750229.0	40000000.0	-11774607.0	-0.294
ETYAT	221000000.0	66603085.0	20000000.0	-12327914.0	-0.616
VKFYO	572700000.0	54881724.0	30000000.0	-12336092.0	-0.411
SEKUR	665785750.0	348068485.0	48597500.0	-14491790.0	-0.298
DESPC	1156900000.0	319525265.0	23000000.0	-15371395.0	-0.668
PAPIL	2122656250.0	396195307.0	34375000.0	-16136179.0	-0.469
PATEK	11738400000.0	730357155.0	134000000.0	-17543419.0	-0.131
ISYAT	1408455720.68	480837348.0	160599284.0	-18052615.0	-0.112
RODRG	563966000.0	56102918.0	28340000.0	-18344805.0	-0.647
SANEL	421698192.3	17748629.0	18255333.0	-19850332.0	-1.0
SNKRN	388535697.0	77435963.0	7849206.0	-20600747.0	-3.0
OYAYO	524400000.0	110037659.0	20000000.0	-21252401.0	-1.0
TEZOL	7818800000.0	4526262761.0	440000000.0	-22088564.0	-0.05
SODSN	1746000000.0	147587382.0	15000000.0	-23767684.0	-2.0
ALMAD	2109250000.0	995792846.0	275000000.0	-23963715.0	-0.087
BRMEN	255712832.16	17386481.0	44627021.32	-24861783.0	-0.557
SKYLP	838375000.0	195816987.0	9500000.0	-24898087.0	-3.0
DOGUB	803400000.0	94572129.0	39000000.0	-26780919.0	-0.687
DOBUR	3186189607.5	12310789.0	19559175.0	-27293128.0	-1.0
ICUGS	1854260000.0	405640833.0	69500000.0	-28352476.0	-0.408
VANGD	437250000.0	187208876.0	25000000.0	-28676411.0	-1.0
KRPLS	1222200000.0	752551548.0	174600000.0	-30655346.0	-0.176
EPLAS	995011464.06	2492305297.0	190615223.0	-38204910.0	-0.2
SEYKM	790000000.0	397346715.0	200000000.0	-40131790.0	-0.201
ATLAS	360600000.0	349804027.0	60000000.0	-40884566.0	-0.681
TDGYO	886650000.0	270627771.0	69000000.0	-41444188.0	-0.601
BAYRK	802538750.0	141437731.0	47125000.0	-41856398.0	-0.888
MTRYO	303660000.0	349388684.0	42000000.0	-42818154.0	-1.0
KAPLM	4336000000.0	804437847.0	20000000.0	-43848325.0	-2.0
HKTM	1596000000.0	533423497.0	105000000.0	-45386904.0	-0.432
BYDNR	1681680000.0	1364182523.0	84000000.0	-47157349.0	-0.561
POLTK	23165625000.0	244691040.0	3750000.0	-47304190.0	-13.0
EYGYO	1490000000.0	1767787695.0	200000000.0	-47728265.0	-0.239
TERA	4022550000.0	903548340.0	157500000.0	-53886798.0	-0.342
DAGHL	504000000.0	29189898.0	30000000.0	-55246747.0	-2.0
HUBVC	559300000.0	581060868.0	70000000.0	-56771417.0	-0.811
PRDGS	997640000.0	1286039111.0	196000000.0	-56904279.0	-0.29
OZGYO	1287500000.0	4996947152.0	250000000.0	-57373066.0	-0.229
ONCSM	2302717500.0	263882542.0	23850000.0	-60397956.0	-3.0
ALKLC	2992640000.0	1647014704.0	112000000.0	-64746720.0	-0.578
AYCES	12362500000.0	3150833448.0	25000000.0	-67632928.0	-3.0
SUMAS	2016705600.0	322771262.0	6224400.0	-72023002.0	-12.0
BALAT	649513190.2	94291590.0	13878486.97	-76690765.0	-6.0
ISSEN	3781386017.48	4312577475.0	424397981.76	-76702596.0	-0.181
BMSTL	3878955000.0	1093122593.0	73050000.0	-78097532.0	-1.0
ORCAY	707200000.0	436259803.0	80000000.0	-78182100.0	-0.977
GSDDE	1185000000.0	2105579000.0	150000000.0	-78513000.0	-0.523
AVOD	737100000.0	1030286744.0	270000000.0	-79889767.0	-0.296
IHAAS	3157310000.0	298087573.0	163000000.0	-84001432.0	-0.515
BMSCH	971408200.0	886031712.0	36085000.0	-85681180.0	-2.0
KLMSN	1956240000.0	3277316712.0	79200000.0	-87382302.0	-1.0
KORDS	14006093472.0	14015866736.0	194529076.0	-90567284.0	-0.466
IHEVA	883260000.0	1347537093.0	350500000.0	-93104800.0	-0.266
FORTE	3197240000.0	673190502.0	67000000.0	-94645698.0	-1.0
DZGYO	4304000000.0	3503152092.0	400000000.0	-94920287.0	-0.237
CUSAN	1446375000.0	943821903.0	71250000.0	-99465843.0	-1.0
GEREL	2407200000.0	887387617.0	240000000.0	-105029890.0	-0.438
BAKAB	3024000000.0	2298966911.0	72000000.0	-105299734.0	-1.0
DGATE	1291200000.0	231685610.0	30000000.0	-106589416.0	-4.0
ERBOS	3810000000.0	2537066244.0	20000000.0	-111636206.0	-6.0
MRSHL	17172837308.0	941303058.0	10994134.0	-128710277.0	-12.0
DOFER	1773965000.0	949382039.0	55750000.0	-130923573.0	-2.0
KOCMT	6793150000.0	9309555336.0	455000000.0	-132478029.0	-0.291
MZHLD	712147040.0	39544519.0	108559000.0	-136712225.0	-1.0
IDGYO	393000000.0	285225957.0	150000000.0	-140026154.0	-0.934
NETAS	4654049400.0	14481250.0	64864800.0	-145656577.0	-2.0
GUBRF	71743200000.0	15663463625.0	334000000.0	-164129565.0	-0.491
EUHOL	1305000000.0	312347918.0	150000000.0	-170419433.0	-1.0
FORMT	2992008093.12	1103123270.0	538130952.0	-171321707.0	-0.318
DITAS	1314950000.0	292076555.0	85000000.0	-173338185.0	-2.0
HDFGS	791000000.0	1788518358.0	565000000.0	-173892348.0	-0.308
ARENA	2868000000.0	1162159184.0	100000000.0	-176923217.0	-2.0
CELHA	2329824692.66	1012475087.0	101033161.0	-189067990.0	-2.0
ANGEN	3082200000.0	1490568575.0	220000000.0	-192732571.0	-0.876
EGEPO	2682500000.0	1375715055.0	125000000.0	-203799880.0	-2.0
HATEK	696780000.0	1491196721.0	63000000.0	-207533422.0	-3.0
YONGA	1239840000.0	419976624.0	16800000.0	-213135928.0	-13.0
SOKE	5901855000.0	3021483276.0	386500000.0	-214357352.0	-0.555
MAALT	6239029990.5	2321506930.0	6967091.0	-230806905.0	-33.0
ULUSE	13600000000.0	839323759.0	80000000.0	-256687726.0	-3.0
ALCAR	10519200000.0	1777226813.0	10800000.0	-260241439.0	-24.0
RTALB	1718000000.0	1547563090.0	100000000.0	-267789789.0	-3.0
BORLS	7750078000.0	3077721629.0	168700000.0	-269636673.0	-2.0
MARTI	2004000000.0	3495434091.0	600000000.0	-301058574.0	-0.502
REEDR	14430500000.0	5653650486.0	950000000.0	-307433711.0	-0.324
YKSLN	1845000000.0	590221224.0	250000000.0	-312244326.0	-1.0
ARZUM	1382453200.0	333148076.0	32210000.0	-312932821.0	-10.0
PENGD	1076250000.0	3235652831.0	175000000.0	-314013743.0	-2.0
FENER	9601060000.0	-616355109.0	98980000.0	-327776755.0	-3.0
VKING	1215480000.0	40188424.0	42000000.0	-331263664.0	-8.0
SOKM	23612942318.4	27440007902.0	593290008.0	-338150574.0	-0.57
LYDHO	18803200000.0	2040106401.0	208000000.0	-338460065.0	-2.0
ICBCT	11747600000.0	4322932000.0	860000000.0	-348255000.0	-0.405
KRTEK	1002470235.08	1365916524.0	35100498.43	-351763035.0	-10.0
EGSER	2577600000.0	2445081473.0	720000000.0	-357947581.0	-0.497
CEMAS	2515380000.0	3667771273.0	791000000.0	-365494810.0	-0.462
FZLGY	6181920000.0	3278420632.0	318000000.0	-370170876.0	-1.0
KARTN	6341250000.0	2604868916.0	75000000.0	-399637775.0	-5.0
BRLSM	3595200000.0	916632279.0	224000000.0	-412154760.0	-2.0
BRKO	1187200000.0	1341861587.0	140000000.0	-457580191.0	-3.0
KOZAL	62833050000.0	24890759000.0	3202500000.0	-461351000.0	-0.144
IHYAY	2146500000.0	704449950.0	450000000.0	-462154075.0	-1.0
KAREL	7196557786.03	2376047493.0	805885530.35	-486555279.0	-0.604
KMPUR	8576568000.0	2915776714.0	486200000.0	-488203020.0	-1.0
PRKAB	6341626657.52	870110650.0	216733652.0	-489041847.0	-2.0
PNSUT	3121400998.8	8087620970.0	314657358.75	-525308443.0	-2.0
AKFGY	7917000000.0	22278510704.0	3900000000.0	-532294837.0	-0.136
BINHO	13395000000.0	13674236275.0	47000000.0	-572229685.0	-12.0
EKSUN	3402000000.0	2072586456.0	600000000.0	-597192793.0	-0.995
MNDTR	5874628513.49	5742699213.0	1049040805.98	-677478076.0	-0.646
VESTL	19490009577.5	44017314000.0	335456275.0	-697021000.0	-2.0
HURGZ	2302880000.0	2580943297.0	592000000.0	-711568103.0	-1.0
KERVN	1571308563.6	967985411.0	588505080.0	-719414577.0	-1.0
TSPOR	6825000000.0	449201709.0	7500000000.0	-743980995.0	-0.099
VRGYO	2214000000.0	4873542450.0	820000000.0	-795769200.0	-0.97
IHGZT	1152000000.0	2445106863.0	800000000.0	-835335895.0	-1.0
IHLGM	1620000000.0	956275460.0	1000000000.0	-837900028.0	-0.838
GSDHO	3760000000.0	8719505000.0	1000000000.0	-928207000.0	-0.928
TATGD	3111680000.0	2720761891.0	136000000.0	-939874986.0	-7.0
TKNSA	5354640000.0	2392209000.0	201000000.0	-1007621000.0	-5.0
BIZIM	2243672943.12	1621157712.0	80476074.0	-1060001265.0	-13.0
KATMR	2228613750.0	4460894589.0	1076625000.0	-1142349623.0	-1.0
VERTU	1966640000.0	3619541443.0	52000000.0	-1240086026.0	-24.0
KARSN	12267000000.0	4614474000.0	900000000.0	-1250463000.0	-1.0
GOODY	4455000000.0	3535817023.0	270000000.0	-1251670592.0	-5.0
CRFSA	13416245400.6	5112665000.0	127773765.72	-1251963000.0	-10.0
KZGYO	4984000000.0	10992008149.0	200000000.0	-1297462544.0	-6.0
IZMDC	8055000000.0	17415016234.0	1500000000.0	-1302286813.0	-0.868
HEDEF	5700000000.0	2605930677.0	1875000000.0	-1419164677.0	-0.757
CANTE	10640000000.0	21189804486.0	7000000000.0	-1428996072.0	-0.204
MOGAN	24571887560.0	53365981729.0	2440108000.0	-1540324867.0	-0.631
BAGFS	2729700000.0	5062183248.0	135000000.0	-1651345571.0	-12.0
QUAGR	6705600000.0	7998508815.0	2640000000.0	-2019608571.0	-0.765
AYDEM	17540400000.0	41680278071.0	705000000.0	-2301002887.0	-3.0
KLSER	17502474457.34	7933094443.0	514778660.51	-2570645974.0	-5.0
METRO	1209600000.0	4136586120.0	540000000.0	-3068247248.0	-6.0
HEKTS	28662000000.0	7876629434.0	8430000000.0	-3311728723.0	-0.393
INVEO	7400000000.0	6676715812.0	1000000000.0	-3905926048.0	-4.0
ODAS	8582000000.0	12055937578.0	1400000000.0	-4000926349.0	-3.0
ENJSA	68738213886.38	70208555000.0	1181068967.12	-5384597000.0	-5.0
GOZDE	9825200000.0	26297660610.0	385000000.0	-6880326357.0	-18.0
DOCO	56509891410.0		10983458.0		
OZYSRHE					
GUNDGHE					
KONTRBE					
